Final Results:
[('170', '170'), ('171', '171'), ('172', '172'), ('173', '???'), ('174', '174'), ('175', '175'), ('176', '176'), ('177', '177'), ('179', '179'), ('181', '181'), ('182', '182'), ('184', '184'), ('185', '185'), ('187', '187'), ('188', '188'), ('189', '189'), ('190', '190'), ('210', '210'), ('211', '211'), ('212', '212'), ('213', '213'), ('215', '215'), ('217', '217'), ('221', '???'), ('223', '223'), ('224', '224'), ('225', '???'), ('226', '226'), ('227', '227'), ('228', '228'), ('229', '229'), ('230', '230'), ('340', '340'), ('341', '341'), ('342', '342'), ('343', '342'), ('346', '346'), ('347', '347'), ('348', '348'), ('349', '349'), ('350', '350'), ('351', '351'), ('352', '352')]
[np.array([20., 78.,  1.,  5.,  0.,  0., 17., 41.]), np.array([14., 25.,  3., 17.,  0.,  3., 14., 15.]), np.array([ 4., 24.,  1., 14.,  0.,  9.,  5., 14.]), np.array([ 3., 20.,  0.,  0.,  0.,  0.,  2.,  8.]), np.array([ 0.,  0.,  0.,  0.,  0., 18.,  0.,  6.]), np.array([ 2.,  2.,  0.,  5.,  0., 15.,  2., 11.]), np.array([11., 10.,  0.,  6.,  0., 15.,  4., 10.]), np.array([24., 67.,  0., 10.,  0.,  3., 19., 35.]), np.array([ 4., 17.,  0., 12.,  0.,  9.,  4., 15.]), np.array([ 1., 16.,  0.,  0.,  0.,  9.,  1.,  8.]), np.array([ 3.,  5.,  0., 17.,  0., 15.,  3., 11.]), np.array([ 6.,  5.,  0.,  0.,  0., 18.,  3.,  7.]), np.array([ 4.,  5.,  0., 17.,  0., 12.,  2., 12.]), np.array([ 7., 17.,  0.,  6.,  1., 20.,  7., 13.]), np.array([ 2., 14.,  0.,  3.,  0.,  0.,  2.,  7.]), np.array([29., 37.,  2., 18.,  0.,  6., 21., 13.]), np.array([16., 13.,  2.,  0.,  0., 18., 14.,  7.]), np.array([ 2.,  7.,  0., 12.,  0., 12.,  2., 12.]), np.array([0., 0., 0., 0., 0., 6., 0., 2.]), np.array([10., 41.,  1., 14.,  1., 14., 12., 16.]), np.array([ 1.,  4.,  1.,  2.,  0., 18.,  2.,  7.]), np.array([ 4., 18.,  0.,  3.,  0., 18.,  4., 12.]), np.array([ 0.,  1.,  0.,  0.,  0., 18.,  0.,  7.]), np.array([2., 2., 0., 0., 0., 0., 1., 1.]), np.array([ 7., 25.,  1.,  5.,  0., 15.,  7., 15.]), np.array([ 3., 21.,  3., 27.,  0.,  3.,  5., 15.]), np.array([0., 0., 0., 0., 0., 0., 0., 0.]), np.array([ 0.,  0.,  0.,  0.,  0., 18.,  0.,  6.]), np.array([ 2.,  7.,  0.,  0.,  0., 18.,  2.,  7.]), np.array([ 2.,  5.,  0.,  0.,  0., 15.,  2.,  6.]), np.array([ 4.,  8.,  0.,  3.,  0., 15.,  4.,  7.]), np.array([ 1., 29.,  0., 13.,  0.,  0.,  1., 16.]), np.array([ 1., 42.,  0., 18.,  0.,  0.,  1., 20.]), np.array([12., 28.,  2.,  7.,  0., 15., 12., 10.]), np.array([ 0.,  3.,  0.,  9.,  0., 15.,  0.,  9.]), np.array([ 4., 12.,  2.,  7.,  0.,  0.,  6.,  4.]), np.array([ 2., 13.,  0.,  6.,  0., 15.,  2., 11.]), np.array([ 5., 36.,  3., 21.,  0.,  3.,  7., 17.]), np.array([ 0.,  0.,  0.,  3.,  0., 15.,  0.,  6.]), np.array([ 1., 18.,  0.,  9.,  0., 12.,  1., 13.]), np.array([ 3., 13.,  1., 11.,  0., 15.,  3., 12.]), np.array([10., 14.,  0.,  3.,  0.,  0.,  9.,  4.]), np.array([ 5., 16.,  0.,  9.,  0., 15.,  4., 12.])]
[[ 15.   0.   0.   0.   0.   0.   0.   0.   0.   0.]
 [  0.  96.   0.   0.   1.   0.   0.   0.   0.   0.]
 [  0.   0. 108.   0.   0.   0.   0.   0.   0.   0.]
 [  0.   0.   0.  46.   0.   0.   0.   0.   0.   0.]
 [  0.   0.   0.   0.  38.   0.   0.   0.   0.   0.]
 [  0.   0.   0.   0.   0.  25.   0.   0.   0.   0.]
 [  0.   0.   0.   0.   0.   0.  16.   0.   0.   0.]
 [  0.   0.   0.   0.   0.   0.   0.  45.   0.   0.]
 [  0.   0.   0.   1.   0.   0.   0.   0.  36.   0.]
 [  0.   0.   0.   0.   0.   0.   0.   0.   0.  20.]]