Final Results:
[('170', '170'), ('171', '171'), ('172', '172'), ('173', '???'), ('174', '174'), ('175', '175'), ('176', '176'), ('177', '177'), ('179', '179'), ('181', '181'), ('182', '182'), ('184', '184'), ('185', '185???'), ('187', '187'), ('188', '188'), ('189', '189'), ('190', '190'), ('210', '210'), ('211', '211'), ('212', '212'), ('213', '213'), ('215', '215'), ('217', '217'), ('221', '???'), ('223', '223'), ('224', '224'), ('225', '???'), ('226', '226'), ('227', '227'), ('228', '228'), ('229', '229'), ('230', '230'), ('340', '340'), ('341', '341'), ('342', '342'), ('343', '342'), ('346', '346'), ('347', '347'), ('348', '348'), ('349', '349'), ('350', '350'), ('351', '351'), ('352', '352')]
[array([19., 63.,  1., 12.,  1.,  8., 17., 41.]), array([12., 11.,  2., 10.,  3., 20., 14., 11.]), array([ 3., 12.,  1., 12.,  1., 14.,  5., 11.]), array([ 3., 12.,  0.,  8.,  0.,  0.,  2.,  8.]), array([ 0.,  0.,  0.,  0.,  0., 18.,  0.,  6.]), array([ 2.,  0.,  0.,  2.,  0., 20.,  2., 11.]), array([ 9.,  3.,  2.,  4.,  0., 15.,  4.,  7.]), array([14., 32.,  2.,  3.,  0., 16., 13., 26.]), array([ 3.,  8.,  0.,  6.,  0., 19.,  3., 14.]), array([ 0.,  2.,  1., 11.,  0., 12.,  1.,  8.]), array([ 2.,  3.,  1.,  2.,  0., 23.,  3.,  8.]), array([ 4.,  4.,  2.,  1.,  0., 18.,  3.,  7.]), array([ 1.,  2.,  3.,  3.,  0., 20.,  2.,  9.]), array([ 4.,  9.,  0.,  0.,  4., 25.,  7., 10.]), array([1., 8., 1., 3., 0., 6., 2., 7.]), array([ 1.,  1.,  3.,  6.,  2., 16.,  5.,  5.]), array([14.,  9.,  2.,  4.,  2., 18., 14.,  7.]), array([ 1.,  2.,  1.,  2.,  0., 18.,  2.,  9.]), array([0., 0., 0., 0., 0., 6., 0., 2.]), array([ 1.,  2.,  3., 15.,  2., 13.,  6.,  6.]), array([ 1.,  4.,  0.,  0.,  1., 20.,  2.,  7.]), array([ 2., 11.,  2.,  7.,  0., 21.,  4., 12.]), array([ 0.,  1.,  0.,  0.,  0., 18.,  0.,  7.]), array([2., 2., 0., 0., 0., 0., 1., 1.]), array([ 7., 16.,  0.,  6.,  1., 14.,  7., 12.]), array([ 0.,  4.,  0.,  8.,  1., 17.,  1., 10.]), array([0., 0., 0., 0., 0., 0., 0., 0.]), array([ 0.,  0.,  0.,  0.,  0., 18.,  0.,  6.]), array([ 1.,  2.,  0.,  0.,  1., 23.,  2.,  7.]), array([ 2.,  5.,  0.,  0.,  0., 15.,  2.,  6.]), array([ 3.,  4.,  1.,  4.,  0., 18.,  4.,  7.]), array([ 0.,  8.,  1., 11.,  0., 17.,  1., 13.]), array([ 0.,  6.,  0.,  8.,  0., 12.,  0.,  9.]), array([10., 24.,  2.,  4.,  2., 22., 12., 10.]), array([ 0.,  0.,  0.,  3.,  0., 15.,  0.,  6.]), array([3., 8., 0., 2., 3., 9., 6., 4.]), array([ 1.,  4.,  1.,  9.,  0., 21.,  2., 11.]), array([ 1., 14.,  1.,  8.,  2., 16.,  4., 11.]), array([ 0.,  0.,  0.,  0.,  0., 18.,  0.,  6.]), array([ 0.,  3.,  0.,  0.,  0., 15.,  0.,  6.]), array([ 3.,  3.,  0.,  3.,  1., 17.,  3.,  6.]), array([8., 7., 1., 5., 1., 5., 9., 4.]), array([ 3.,  3.,  0.,  6.,  1., 14.,  3.,  7.])]
[[ 29.   1.   0.   0.   0.   0.   0.   0.   0.   1.]
 [  0. 144.   0.   0.   7.   0.   0.   1.   0.   0.]
 [  0.   0. 133.   1.   2.   0.   0.   1.   0.   0.]
 [  0.   0.   4.  73.   0.   2.   1.   0.   0.   0.]
 [  0.   0.   0.   1.  60.   2.   0.   0.   0.   0.]
 [  0.   0.   0.   0.   0.  34.   0.   0.   0.   0.]
 [  0.   0.   0.   0.   0.   0.  18.   0.   0.   0.]
 [  0.   0.   0.   0.   1.   0.   0.  79.   0.   0.]
 [  0.   0.   0.   2.   0.   0.   2.   0.  51.   0.]
 [  0.   0.   0.   0.   0.   0.   0.   0.   0.  29.]]