2648
2668
4668
4668
4668
4668
6468
6468
6668
6468
4648
4448
4668
4668
2517
4347
4147
6668
6668
4367
4468
4468
6668
1137
3147
4668
2668
2468
6648
4448
4448
6668
6668
6448
6468
6668
6668
4217
4117
2617
2437
4648
4648
6628
1417
6648
4448
2448
2437
4347
4147
4648
3337
2337
4468
4268
3447
3467
4668
4648
4637
6448
6437
6648
6468
4637
6637
6657
6648
6648
6617
4648
6648
6648
6648
4668
6668
6648
6668
6668
2668
6648
6648
6648
3447
3667
3647
3467
1668
2668
6448
6668
6668
4437
4437
4448
6648
6668
4448
1467
4468
4468
4167
4167
4248
1447
1647
4468
6668
6468
6668
6668
6668
2367
4448
4448
4167
4468
6468
4468
4668
2668
1347
4367
4337
4437
6428
6628
6648
6648
6648
6648
6648
6648
6648
6648
6648
6628
6648
6648
1317
3337
1337
3357
6327
4347
3337
6417
4417
6248
6448
4248
4448
6448
4448
4448
6468
6448
6468
6468
2448
4617
4437
4617
4428
6417
2417
4428
4448
4448
4668
2147
4168
4468
4448
6448
6448
6448
4448
4448
6648
6648
6448
4468
4668
1417
4468
6668
6668
6668
4468
4668
4668
2127
6668
6668
6668
4448
4468
4448
4448
4448
4448
6468
4468
6428
6448
4448
4448
4448
2448
4448
4648
4448
3337
3317
4268
4468
4448
4367
6468
6668
4367
6368
6668
4367
4468
4668
3437
3647
3417
2648
4468
