Final Results:
[('171', '171'), ('172', '172'), ('173', '173'), ('174', '174'), ('175', '175'), ('176', '176'), ('177', '477'), ('178', '178'), ('179', '179'), ('181', '181'), ('182', '182'), ('184', '184'), ('185', '185'), ('186', '186'), ('187', '187'), ('188', '188'), ('189', '189'), ('190', '190'), ('210', '210'), ('211', '???'), ('212', '212'), ('213', '???'), ('214', '214'), ('215', '215'), ('216', '216'), ('217', '211'), ('220', '220'), ('221', '221'), ('223', '223'), ('224', '224'), ('225', '225'), ('226', '226'), ('227', '221'), ('228', '228'), ('229', '229'), ('230', '230'), ('340', '???'), ('341', '341'), ('342', '342'), ('343', '343'), ('346', '356'), ('347', '347'), ('348', '348'), ('349', '349'), ('350', '??????'), ('351', '351'), ('352', '352')]
[np.array([ 1.,  0.,  2.,  8.,  1., 13.,  4., 14.]), np.array([ 1.,  2.,  3.,  9.,  2., 16.,  6.,  5.]), np.array([ 8., 20.,  3.,  8.,  0., 12.,  9.,  9.]), np.array([ 3., 11.,  0.,  3.,  0., 18.,  2., 11.]), np.array([ 6., 17.,  3.,  9.,  1., 14.,  9., 10.]), np.array([ 3., 14.,  0.,  1.,  0., 15.,  3., 13.]), np.array([ 6., 25.,  3., 13.,  5., 15., 14., 23.]), np.array([ 4.,  9.,  1.,  2.,  2., 21.,  7.,  9.]), np.array([ 3., 13.,  3.,  7.,  3., 13.,  9.,  8.]), np.array([ 7.,  3.,  0.,  2.,  1., 22.,  6.,  9.]), np.array([ 0.,  0.,  0.,  0.,  0., 17.,  0.,  6.]), np.array([ 6.,  7.,  0.,  8.,  0., 12.,  5., 11.]), np.array([ 1.,  0.,  0.,  0.,  0., 18.,  1.,  6.]), np.array([1., 1., 0., 0., 0., 6., 1., 2.]), np.array([12., 15.,  5., 21.,  5., 12., 16.,  9.]), np.array([ 0.,  0.,  0.,  0.,  0., 18.,  0.,  6.]), np.array([ 0.,  0.,  0.,  3.,  0., 15.,  0.,  6.]), np.array([ 3., 12.,  7., 21.,  0.,  8., 10., 21.]), np.array([ 0.,  0.,  0.,  9.,  0., 19.,  0., 11.]), np.array([0., 0., 0., 0., 0., 0., 0., 0.]), np.array([ 1.,  2.,  0.,  9.,  3., 16.,  4.,  9.]), np.array([0., 0., 0., 0., 0., 0., 0., 0.]), np.array([0., 7., 0., 2., 0., 9., 0., 7.]), np.array([26., 14.,  3.,  9.,  1., 20., 18.,  8.]), np.array([ 3.,  7.,  1.,  5.,  1., 14.,  4.,  7.]), np.array([ 7., 15.,  4.,  4.,  5., 10., 14.,  4.]), np.array([2., 4., 0., 3., 0., 0., 2., 1.]), np.array([ 1.,  8.,  1.,  5.,  1., 17.,  3.,  8.]), np.array([ 6.,  8.,  2., 13.,  0., 18.,  7., 13.]), np.array([ 2., 10.,  0.,  6.,  0., 12.,  2.,  8.]), np.array([ 5., 11.,  0.,  0.,  0., 21.,  4.,  9.]), np.array([ 0.,  0.,  0.,  5.,  1., 20.,  1.,  8.]), np.array([ 1., 17.,  2., 10.,  4., 14.,  7., 10.]), np.array([ 0.,  0.,  0.,  3.,  1., 20.,  1.,  7.]), np.array([ 0.,  0.,  0.,  3.,  0., 15.,  0.,  6.]), np.array([ 6.,  3.,  3.,  0.,  0., 18.,  4.,  6.]), np.array([0., 0., 0., 0., 0., 0., 0., 0.]), np.array([ 8., 28.,  4., 16.,  0., 12., 10., 16.]), np.array([ 1., 11.,  0.,  0.,  0., 21.,  1., 10.]), np.array([ 2., 13.,  0.,  2.,  0., 17.,  2., 10.]), np.array([ 0.,  3.,  2.,  7.,  5., 19.,  7.,  5.]), np.array([ 0.,  0.,  0.,  3.,  0., 18.,  0.,  7.]), np.array([ 2., 10.,  1.,  2.,  0.,  2.,  3.,  3.]), np.array([ 0.,  0.,  0.,  0.,  0., 18.,  0.,  6.]), np.array([4., 3., 0., 0., 0., 0., 2., 2.]), np.array([ 5., 13.,  1., 12.,  0., 12.,  5., 12.]), np.array([ 5.,  0.,  1.,  4.,  0., 18.,  4.,  7.])]
[[ 13.   0.   0.   0.   0.   0.   0.   0.   0.   0.]
 [  0. 144.   0.   1.   9.   0.   0.   0.   0.   0.]
 [  1.   2. 162.   1.   2.   0.   0.   0.   0.   0.]
 [  0.   0.   0.  67.   0.   0.   0.   0.   0.   0.]
 [  0.   0.   0.   0.  50.   5.   0.   0.   0.   0.]
 [  0.   0.   0.   0.   0.  34.   1.   0.   0.   0.]
 [  1.   0.   0.   0.   0.   0.  25.   0.   1.   0.]
 [  0.   9.   6.   0.   0.   0.   0.  66.   0.   0.]
 [  0.   0.   0.   2.   0.   0.   0.   0.  62.   0.]
 [  0.   0.   0.   0.   1.   0.   0.   0.   0.  22.]]