Final Results:
[('171', '171'), ('172', '172'), ('173', '173'), ('174', '174'), ('175', '175'), ('176', '176'), ('177', '177'), ('178', '178'), ('179', '179'), ('181', '181'), ('182', '182'), ('184', '184'), ('185', '185'), ('186', '186'), ('187', '187'), ('188', '188'), ('189', '189'), ('190', '190'), ('210', '210'), ('211', '???'), ('212', '212'), ('213', '???'), ('214', '214'), ('215', '215'), ('216', '216'), ('217', '217'), ('220', '???'), ('221', '221'), ('223', '223'), ('224', '224'), ('225', '225'), ('226', '226'), ('227', '227'), ('228', '228'), ('229', '229'), ('230', '230'), ('340', '???'), ('341', '341'), ('342', '342'), ('343', '343'), ('346', '346'), ('347', '347'), ('348', '???'), ('349', '349'), ('350', '??????'), ('351', '351'), ('352', '352')]
[np.array([ 3., 11.,  1., 19.,  0.,  9.,  4., 20.]), np.array([ 6., 15.,  3.,  9.,  0., 18.,  9.,  8.]), np.array([15., 79.,  0., 24.,  0.,  3., 13., 31.]), np.array([ 3., 14.,  0., 12.,  0., 15.,  2., 14.]), np.array([17., 60.,  1., 26.,  0.,  3., 17., 21.]), np.array([ 3., 15.,  0., 15.,  0.,  9.,  3., 16.]), np.array([ 21., 125.,   4.,  37.,   2.,   4.,  26.,  58.]), np.array([ 6., 13.,  1., 25.,  0.,  3.,  7., 12.]), np.array([ 7., 24.,  2.,  9.,  0.,  0.,  9.,  8.]), np.array([ 7.,  5.,  1., 10.,  0., 12.,  6.,  9.]), np.array([ 0.,  2.,  0.,  0.,  0., 15.,  0.,  6.]), np.array([ 6., 18.,  0.,  9.,  0., 18.,  5., 17.]), np.array([ 1.,  0.,  0.,  3.,  0., 15.,  1.,  6.]), np.array([1., 1., 0., 3., 0., 3., 1., 2.]), np.array([23., 80.,  5., 13.,  0., 12., 22., 33.]), np.array([ 0.,  0.,  0.,  9.,  0., 18.,  0.,  9.]), np.array([ 0.,  3.,  0.,  0.,  0., 15.,  0.,  6.]), np.array([14., 55.,  1., 15.,  0.,  9., 15., 49.]), np.array([ 0., 15.,  0., 25.,  0.,  6.,  0., 17.]), np.array([0., 0., 0., 0., 0., 0., 0., 0.]), np.array([ 2., 16.,  2., 20.,  0.,  9.,  4., 15.]), np.array([0., 0., 0., 0., 0., 0., 0., 0.]), np.array([0., 9., 0., 6., 0., 3., 0., 7.]), np.array([30., 28.,  1., 17.,  0., 12., 19., 12.]), np.array([ 4., 17.,  2., 13.,  0.,  9.,  5., 11.]), np.array([18., 41.,  5., 13.,  1., 17., 22., 13.]), np.array([2., 7., 0., 0., 0., 0., 2., 1.]), np.array([ 2., 13.,  0., 18.,  1.,  8.,  3., 11.]), np.array([ 45., 111.,   4.,  26.,   3.,  12.,  47.,  27.]), np.array([ 2., 28.,  0., 12.,  0., 12.,  2., 16.]), np.array([ 5., 11.,  0.,  6.,  0., 15.,  4.,  9.]), np.array([ 0.,  5.,  1.,  8.,  0., 12.,  1.,  8.]), np.array([29., 60.,  9., 27.,  0., 15., 30., 23.]), np.array([ 1.,  5.,  0.,  3.,  0., 15.,  1.,  7.]), np.array([ 1., 16.,  1., 23.,  1.,  2.,  3., 12.]), np.array([ 9., 15.,  0., 18.,  0.,  6.,  4., 12.]), np.array([0., 0., 0., 0., 0., 0., 0., 0.]), np.array([12., 47.,  0.,  6.,  0.,  3., 10., 16.]), np.array([ 2., 19.,  0., 15.,  0.,  9.,  2., 13.]), np.array([10., 52.,  3., 17.,  1., 14., 13., 23.]), np.array([ 2., 22.,  3., 18.,  2., 16.,  7., 14.]), np.array([ 0.,  3.,  0.,  0.,  0., 18.,  0.,  7.]), np.array([ 3., 12.,  0.,  2.,  0.,  0.,  3.,  3.]), np.array([ 0.,  0.,  0.,  6.,  0., 12.,  0.,  6.]), np.array([4., 3., 0., 0., 0., 0., 2., 2.]), np.array([ 9., 49.,  0., 15.,  0.,  9.,  8., 22.]), np.array([ 6.,  7.,  0.,  9.,  0., 15.,  4., 10.])]
[[  7.   0.   0.   0.   0.   0.   0.   0.   0.   0.]
 [  0.  92.   0.   0.   2.   0.   0.   0.   0.   0.]
 [  1.   2. 103.   1.   0.   0.   0.   0.   0.   0.]
 [  0.   0.   0.  45.   0.   0.   0.   0.   0.   1.]
 [  0.   0.   0.   0.  39.   2.   0.   0.   0.   0.]
 [  0.   0.   0.   0.   0.  23.   0.   0.   0.   0.]
 [  0.   0.   0.   0.   0.   0.  17.   0.   0.   0.]
 [  0.   0.   1.   0.   0.   0.   0.  44.   0.   0.]
 [  0.   0.   0.   0.   0.   0.   0.   0.  48.   0.]
 [  1.   0.   0.   0.   0.   0.   0.   0.   0.  12.]]