Final Results:
[('171', '???'), ('172', '172'), ('173', '173'), ('174', '???'), ('175', '175'), ('176', '761'), ('177', '177'), ('178', '178'), ('179', '179'), ('181', '???'), ('182', '182'), ('184', '184'), ('185', '185'), ('186', '???'), ('187', '187'), ('188', '188'), ('189', '189'), ('190', '190'), ('210', '210'), ('211', '???'), ('212', '212'), ('213', '???'), ('214', '???'), ('215', '215'), ('216', '216'), ('217', '211'), ('220', '720'), ('221', '221'), ('223', '223'), ('224', '224'), ('225', '225'), ('226', '226'), ('227', '227'), ('228', '228'), ('229', '???'), ('230', '230'), ('340', '???'), ('341', '???'), ('342', '342'), ('343', '343'), ('346', '346'), ('347', '347'), ('348', '???'), ('349', '349'), ('350', '??????'), ('351', '351'), ('352', '352')]
[np.array([0., 0., 0., 0., 0., 0., 0., 0.]), np.array([ 2.,  8.,  0., 24.,  0.,  3.,  2., 12.]), np.array([ 3., 11.,  0.,  0.,  0., 15.,  2.,  8.]), np.array([0., 0., 0., 0., 0., 0., 0., 0.]), np.array([ 0.,  9.,  0., 12.,  0.,  9.,  0., 10.]), np.array([3., 0., 3., 0., 3., 0., 3., 0.]), np.array([ 2., 13.,  0., 12.,  0.,  9.,  2., 10.]), np.array([ 0.,  8.,  0.,  6.,  0., 12.,  0.,  9.]), np.array([4., 7., 0., 3., 0., 0., 3., 2.]), np.array([32., 11.,  3.,  3.,  0.,  0., 31.,  1.]), np.array([4., 3., 0., 0., 0., 9., 3., 4.]), np.array([ 2.,  4.,  0., 15.,  0., 15.,  2., 10.]), np.array([15.,  6.,  3.,  3.,  0., 18.,  6.,  9.]), np.array([4., 5., 0., 0., 0., 0., 2., 2.]), np.array([0., 3., 0., 6., 0., 0., 0., 3.]), np.array([ 1.,  2.,  0., 18.,  0.,  9.,  1.,  9.]), np.array([14., 15.,  0.,  0.,  0., 12.,  6.,  9.]), np.array([ 1., 66.,  0., 19.,  0., 15.,  1., 60.]), np.array([ 0.,  3.,  0.,  3.,  0., 15.,  0.,  7.]), np.array([0., 0., 0., 0., 0., 0., 0., 0.]), np.array([ 0.,  0.,  0.,  3.,  0., 18.,  0.,  7.]), np.array([0., 0., 0., 0., 0., 0., 0., 0.]), np.array([0., 0., 0., 0., 0., 0., 0., 0.]), np.array([ 9., 18.,  0.,  9.,  0., 24.,  7., 13.]), np.array([ 0.,  0.,  0.,  0.,  0., 18.,  0.,  6.]), np.array([3., 9., 1., 2., 0., 0., 4., 1.]), np.array([0., 0., 1., 2., 0., 0., 1., 0.]), np.array([ 3., 12.,  0.,  6.,  0., 12.,  3.,  9.]), np.array([ 0.,  5.,  0., 27.,  0.,  3.,  0., 12.]), np.array([ 4., 20.,  2., 22.,  0.,  9.,  6., 13.]), np.array([ 7., 20.,  0.,  6.,  0., 12.,  7.,  8.]), np.array([ 2., 10.,  1.,  5.,  0., 18.,  3.,  9.]), np.array([ 3., 12.,  0.,  9.,  0., 18.,  3., 11.]), np.array([29., 84.,  4., 24.,  0.,  9., 33., 19.]), np.array([1., 2., 0., 0., 0., 0., 1., 0.]), np.array([ 1.,  2.,  1., 11.,  0., 12.,  2.,  7.]), np.array([0., 0., 0., 0., 0., 0., 0., 0.]), np.array([2., 0., 0., 0., 0., 0., 1., 0.]), np.array([ 0., 11.,  0.,  6.,  0., 15.,  0., 11.]), np.array([15., 52.,  2., 16.,  0.,  9., 16., 17.]), np.array([ 0.,  3.,  1.,  5.,  0., 15.,  1.,  7.]), np.array([ 1.,  7.,  0.,  6.,  0., 12.,  1.,  8.]), np.array([0., 0., 0., 0., 0., 0., 0., 0.]), np.array([ 0.,  6.,  0.,  6.,  0., 15.,  0.,  9.]), np.array([4., 7., 0., 0., 0., 0., 3., 1.]), np.array([ 6.,  9.,  0., 18.,  0.,  6.,  2., 12.]), np.array([ 8.,  3.,  0.,  9.,  0., 15.,  3., 11.])]
[[ 14.   0.   0.   0.   0.   0.   0.   0.   0.   0.]
 [  0.  73.   0.   0.   0.   0.   0.   1.   0.   0.]
 [  0.   0. 103.   0.   0.   0.   0.   0.   0.   0.]
 [  0.   0.   0.  42.   0.   0.   0.   0.   0.   0.]
 [  0.   0.   0.   0.  30.   0.   0.   0.   0.   0.]
 [  0.   0.   0.   0.   0.  28.   0.   0.   0.   0.]
 [  0.   1.   0.   0.   0.   0.  17.   0.   0.   0.]
 [  0.   0.   0.   0.   0.   0.   1.  29.   0.   0.]
 [  0.   0.   0.   0.   0.   0.   0.   0.  31.   0.]
 [  0.   0.   0.   0.   0.   0.   0.   0.   0.  14.]]